<locations.xml>
	<bookmark>
		<name>	HDR_Shot	</name>
		<view>
			<row0>	0.9998 -0.0010 0.0195	</row0>
			<row1>	0.0000 0.9988 0.0492	</row1>
			<row2>	-0.0195 -0.0492 0.9986	</row2>
			<row3>	0.0153 -20.9382 -1.0042	</row3>
		</view>
	</bookmark>
	<bookmark>
		<name>	screen	</name>
		<view>
			<row0>	0.7021 0.0000 0.7121	</row0>
			<row1>	0.0000 1.0000 0.0000	</row1>
			<row2>	-0.7121 0.0000 0.7021	</row2>
			<row3>	-2.6618 -6.5264 24.5939	</row3>
		</view>
	</bookmark>
	<bookmark>
		<name>	2	</name>
		<view>
			<row0>	0.9249 0.0228 -0.3795	</row0>
			<row1>	0.0000 0.9982 0.0600	</row1>
			<row2>	0.3802 -0.0555 0.9232	</row2>
			<row3>	-19.2175 -4.4386 -2.5021	</row3>
		</view>
	</bookmark>
	<bookmark>
		<name>	Untitled	</name>
		<view>
			<row0>	0.9525 0.0726 0.2958	</row0>
			<row1>	0.0000 0.9711 -0.2385	</row1>
			<row2>	-0.3046 0.2271 0.9250	</row2>
			<row3>	-0.8480 -17.6875 7.8190	</row3>
		</view>
	</bookmark>
</locations.xml>
