<locations.xml>
	<bookmark>
		<name>	HDR_Shot	</name>
		<view>
			<row0>	0.6997 0.0214 0.7141	</row0>
			<row1>	0.0000 0.9995 -0.0300	</row1>
			<row2>	-0.7144 0.0210 0.6994	</row2>
			<row3>	0.2006 -0.0547 7.5628	</row3>
		</view>
	</bookmark>
	<bookmark>
		<name>	1	</name>
		<view>
			<row0>	0.1435 0.0000 0.9897	</row0>
			<row1>	0.0000 1.0000 0.0000	</row1>
			<row2>	-0.9897 0.0000 0.1435	</row2>
			<row3>	60.8049 -0.5558 19.4938	</row3>
		</view>
	</bookmark>
	<bookmark>
		<name>	2	</name>
		<view>
			<row0>	0.8610 -0.0051 0.5087	</row0>
			<row1>	0.0000 1.0000 0.0100	</row1>
			<row2>	-0.5087 -0.0086 0.8609	</row2>
			<row3>	48.7542 -0.1965 -26.4702	</row3>
		</view>
	</bookmark>
	<bookmark>
		<name>	3	</name>
		<view>
			<row0>	-0.0256 -0.0599 -0.9979	</row0>
			<row1>	0.0000 0.9982 -0.0600	</row1>
			<row2>	0.9997 -0.0015 -0.0255	</row2>
			<row3>	3.4666 -1.7462 -23.6701	</row3>
		</view>
	</bookmark>
	<bookmark>
		<name>	4	</name>
		<view>
			<row0>	-0.0628 -0.0200 0.9978	</row0>
			<row1>	0.0000 0.9998 0.0200	</row1>
			<row2>	-0.9980 0.0013 -0.0627	</row2>
			<row3>	23.8401 -0.4323 9.0522	</row3>
		</view>
	</bookmark>
	<bookmark>
		<name>	5	</name>
		<view>
			<row0>	-0.8786 0.0048 0.4776	</row0>
			<row1>	0.0000 1.0000 -0.0100	</row1>
			<row2>	-0.4776 -0.0087 -0.8785	</row2>
			<row3>	15.5901 -0.2285 32.3906	</row3>
		</view>
	</bookmark>
	<bookmark>
		<name>	6	</name>
		<view>
			<row0>	0.9802 -0.0471 -0.1925	</row0>
			<row1>	0.0000 0.9714 -0.2376	</row1>
			<row2>	0.1982 0.2329 0.9521	</row2>
			<row3>	-15.0359 -6.1733 -21.8171	</row3>
		</view>
	</bookmark>
	<bookmark>
		<name>	7	</name>
		<view>
			<row0>	0.9251 -0.0038 -0.3797	</row0>
			<row1>	0.0000 1.0000 -0.0099	</row1>
			<row2>	0.3797 0.0092 0.9250	</row2>
			<row3>	-16.5290 -0.3481 -14.8384	</row3>
		</view>
	</bookmark>
	<bookmark>
		<name>	8	</name>
		<view>
			<row0>	0.9552 0.0846 0.2837	</row0>
			<row1>	0.0000 0.9583 -0.2859	</row1>
			<row2>	-0.2960 0.2731 0.9153	</row2>
			<row3>	0.7895 -5.6474 -17.4550	</row3>
		</view>
	</bookmark>
	<bookmark>
		<name>	9	</name>
		<view>
			<row0>	0.9975 0.0215 0.0671	</row0>
			<row1>	0.0000 0.9524 -0.3050	</row1>
			<row2>	-0.0704 0.3042 0.9500	</row2>
			<row3>	-9.4510 -7.2099 -18.7800	</row3>
		</view>
	</bookmark>
	<bookmark>
		<name>	10	</name>
		<view>
			<row0>	-0.2982 0.2360 0.9248	</row0>
			<row1>	0.0000 0.9689 -0.2473	</row1>
			<row2>	-0.9545 -0.0738 -0.2890	</row2>
			<row3>	-51.3571 -0.5498 1.6736	</row3>
		</view>
	</bookmark>
	<bookmark>
		<name>	11	</name>
		<view>
			<row0>	0.6849 0.0438 -0.7274	</row0>
			<row1>	0.0000 0.9982 0.0601	</row1>
			<row2>	0.7287 -0.0412 0.6836	</row2>
			<row3>	42.2821 -2.0071 28.0447	</row3>
		</view>
	</bookmark>
	<bookmark>
		<name>	12	</name>
		<view>
			<row0>	0.5705 0.1145 0.8132	</row0>
			<row1>	0.0000 0.9902 -0.1394	</row1>
			<row2>	-0.8213 0.0795 0.5650	</row2>
			<row3>	-16.3257 2.2840 22.4664	</row3>
		</view>
	</bookmark>
	<bookmark>
		<name>	13	</name>
		<view>
			<row0>	-0.8717 -0.0586 -0.4865	</row0>
			<row1>	0.0000 0.9928 -0.1196	</row1>
			<row2>	0.4900 -0.1042 -0.8655	</row2>
			<row3>	2.4027 -3.3223 -23.3783	</row3>
		</view>
	</bookmark>
	<bookmark>
		<name>	14	</name>
		<view>
			<row0>	-0.5301 -0.1182 -0.8397	</row0>
			<row1>	0.0000 0.9902 -0.1394	</row1>
			<row2>	0.8479 -0.0739 -0.5249	</row2>
			<row3>	12.1020 -4.2243 -22.4676	</row3>
		</view>
	</bookmark>
	<bookmark>
		<name>	15	</name>
		<view>
			<row0>	-0.0487 -0.0298 -0.9984	</row0>
			<row1>	0.0000 0.9996 -0.0299	</row1>
			<row2>	0.9988 -0.0015 -0.0487	</row2>
			<row3>	22.3019 -0.4987 -3.8350	</row3>
		</view>
	</bookmark>
	<bookmark>
		<name>	16	</name>
		<view>
			<row0>	0.8307 0.0389 0.5554	</row0>
			<row1>	0.0000 0.9976 -0.0698	</row1>
			<row2>	-0.5568 0.0580 0.8286	</row2>
			<row3>	-32.5893 0.2934 11.0424	</row3>
		</view>
	</bookmark>
	<bookmark>
		<name>	17	</name>
		<view>
			<row0>	0.6368 -0.1305 0.7599	</row0>
			<row1>	0.0000 0.9856 0.1693	</row1>
			<row2>	-0.7711 -0.1078 0.6276	</row2>
			<row3>	99.3824 -0.6758 -6.6608	</row3>
		</view>
	</bookmark>
	<bookmark>
		<name>	18	</name>
		<view>
			<row0>	0.6891 0.0072 0.7246	</row0>
			<row1>	0.0000 1.0000 -0.0099	</row1>
			<row2>	-0.7246 0.0068 0.6891	</row2>
			<row3>	88.9340 -0.7495 -3.7931	</row3>
		</view>
	</bookmark>
	<bookmark>
		<name>	19	</name>
		<view>
			<row0>	0.9361 -0.0281 -0.3507	</row0>
			<row1>	0.0000 0.9968 -0.0798	</row1>
			<row2>	0.3518 0.0747 0.9331	</row2>
			<row3>	86.5127 -8.3349 -123.1176	</row3>
		</view>
	</bookmark>
	<bookmark>
		<name>	21	</name>
		<view>
			<row0>	0.7841 0.0063 -0.6206	</row0>
			<row1>	0.0000 0.9999 0.0101	</row1>
			<row2>	0.6206 -0.0079 0.7841	</row2>
			<row3>	51.2793 1.3314 -142.3419	</row3>
		</view>
	</bookmark>
	<bookmark>
		<name>	22	</name>
		<view>
			<row0>	0.1596 0.0098 0.9871	</row0>
			<row1>	0.0000 1.0000 -0.0099	</row1>
			<row2>	-0.9872 0.0016 0.1596	</row2>
			<row3>	134.5391 -1.0584 163.6317	</row3>
		</view>
	</bookmark>
	<bookmark>
		<name>	23	</name>
		<view>
			<row0>	-0.9983 0.0053 -0.0586	</row0>
			<row1>	0.0000 0.9959 0.0899	</row1>
			<row2>	0.0589 0.0898 -0.9942	</row2>
			<row3>	-82.6357 -9.7377 -27.8876	</row3>
		</view>
	</bookmark>
	<bookmark>
		<name>	24	</name>
		<view>
			<row0>	0.6722 -0.1106 0.7321	</row0>
			<row1>	0.0000 0.9888 0.1494	</row1>
			<row2>	-0.7404 -0.1004 0.6646	</row2>
			<row3>	-13.8930 23.2886 -202.2909	</row3>
		</view>
	</bookmark>
	<bookmark>
		<name>	25	</name>
		<view>
			<row0>	-0.6880 -0.0653 -0.7228	</row0>
			<row1>	0.0000 0.9959 -0.0899	</row1>
			<row2>	0.7257 -0.0619 -0.6852	</row2>
			<row3>	31.8608 4.4323 46.1964	</row3>
		</view>
	</bookmark>
</locations.xml>
