<locations.xml>
	<bookmark>
		<name>	1	</name>
		<view>
			<row0>	-0.523646 -0.009879 -0.851878	</row0>
			<row1>	-0.000000 0.999933 -0.011596	</row1>
			<row2>	0.851936 -0.006072 -0.523611	</row2>
			<row3>	81.641457 -53.517235 60.572395	</row3>
		</view>
	</bookmark>
	<bookmark>
		<name>	HDR_Shot	</name>
		<view>
			<row0>	-0.523646 -0.009879 -0.851878	</row0>
			<row1>	-0.000000 0.999933 -0.011596	</row1>
			<row2>	0.851936 -0.006072 -0.523611	</row2>
			<row3>	81.641457 -53.517235 60.572395	</row3>
		</view>
	</bookmark>
	<bookmark>
		<name>	Untitled	</name>
		<view>
			<row0>	0.8654 -0.0254 -0.5004	</row0>
			<row1>	0.0000 0.9987 -0.0508	</row1>
			<row2>	0.5011 0.0439 0.8643	</row2>
			<row3>	59.4343 -6.9405 -126.6674	</row3>
		</view>
	</bookmark>
</locations.xml>
