<locations.xml>
	<bookmark>
		<name>	HDR_Shot	</name>
		<view>
			<row0>	-0.062349 -0.039910 -0.997256	</row0>
			<row1>	-0.000000 0.999200 -0.039988	</row1>
			<row2>	0.998054 -0.002493 -0.062299	</row2>
			<row3>	-2.418786 -1.515746 5.543864	</row3>
		</view>
	</bookmark>
	<bookmark>
		<name>	1	</name>
		<view>
			<row0>	0.873568 -0.000008 0.486703	</row0>
			<row1>	0.000000 1.000000 0.000017	</row1>
			<row2>	-0.486703 -0.000015 0.873568	</row2>
			<row3>	5.147209 -1.333520 -16.241137	</row3>
		</view>
	</bookmark>
	<bookmark>
		<name>	Untitled	</name>
		<view>
			<row0>	0.5278 0.1269 -0.8398	</row0>
			<row1>	0.0000 0.9888 0.1495	</row1>
			<row2>	0.8494 -0.0789 0.5218	</row2>
			<row3>	-0.2735 -1.3397 2.6180	</row3>
		</view>
	</bookmark>
	<bookmark>
		<name>	CamTest	</name>
		<view>
			<row0>	-0.1566 0.0387 -0.9869	</row0>
			<row1>	0.0000 0.9992 0.0392	</row1>
			<row2>	0.9877 0.0061 -0.1565	</row2>
			<row3>	-0.5820 -2.7435 3.9883	</row3>
		</view>
	</bookmark>
	<bookmark>
		<name>	CamTEst	</name>
		<view>
			<row0>	-0.2641 0.0571 -0.9628	</row0>
			<row1>	0.0000 0.9982 0.0592	</row1>
			<row2>	0.9645 0.0156 -0.2636	</row2>
			<row3>	-1.0083 -0.5100 0.2991	</row3>
		</view>
	</bookmark>
</locations.xml>
